name: sgdnlp
channels:
  - conda-forge
  - defaults
dependencies:
  - blas=1.0=mkl
  - brotli-python=1.1.0=py38hd3f51b4_1
  - ca-certificates=2024.9.24=haa95532_0
  - certifi=2024.8.30=pyhd8ed1ab_0
  - cffi=1.17.0=py38h4cb3324_0
  - charset-normalizer=3.4.0=pyhd8ed1ab_0
  - colorama=0.4.6=pyhd8ed1ab_0
  - filelock=3.16.1=pyhd8ed1ab_0
  - h2=4.1.0=pyhd8ed1ab_0
  - hpack=4.0.0=pyh9f0ad1d_0
  - hyperframe=6.0.1=pyhd8ed1ab_0
  - idna=3.10=pyhd8ed1ab_0
  - intel-openmp=2023.2.0=h57928b3_50497
  - jinja2=3.1.4=pyhd8ed1ab_0
  - libblas=3.9.0=20_win64_mkl
  - libcblas=3.9.0=20_win64_mkl
  - libffi=3.4.4=hd77b12b_1
  - libhwloc=2.11.1=default_h8125262_1000
  - libiconv=1.17=hcfcfb64_2
  - liblapack=3.9.0=20_win64_mkl
  - libuv=1.49.1=h2466b09_0
  - libxml2=2.12.7=h0f24e4e_4
  - libzlib=1.3.1=h2466b09_2
  - lightning=2.3.3=pyhd8ed1ab_0
  - lightning-utilities=0.11.7=pyhd8ed1ab_0
  - markupsafe=2.1.5=py38h91455d4_0
  - mkl=2023.2.0=h6a75c08_50497
  - mkl-service=2.4.1=py38h2ae5d10_0
  - mpmath=1.3.0=pyhd8ed1ab_0
  - networkx=3.1=pyhd8ed1ab_0
  - numpy=1.24.4=py38h1d91fd2_0
  - openssl=3.3.2=h2466b09_0
  - packaging=24.1=pyhd8ed1ab_0
  - pip=24.2=py38haa95532_0
  - pthreads-win32=2.9.1=h2466b09_4
  - pycparser=2.22=pyhd8ed1ab_0
  - pysocks=1.7.1=pyh0701188_6
  - python=3.8.20=h8205438_0
  - python_abi=3.8=2_cp38
  - pytorch=2.3.0=cpu_py38h482c993_1
  - pytorch-lightning=2.4.0=pyhd8ed1ab_0
  - pyyaml=6.0.2=py38h4cb3324_0
  - requests=2.32.3=pyhd8ed1ab_0
  - setuptools=75.1.0=py38haa95532_0
  - sqlite=3.45.3=h2bbff1b_0
  - sympy=1.13.3=pyh04b8f61_4
  - tbb=2021.13.0=hc790b64_0
  - torchmetrics=1.4.2=pyhd8ed1ab_0
  - tqdm=4.66.5=pyhd8ed1ab_0
  - typing-extensions=4.12.2=hd8ed1ab_0
  - typing_extensions=4.12.2=pyha770c72_0
  - ucrt=10.0.22621.0=h57928b3_1
  - urllib3=2.2.3=pyhd8ed1ab_0
  - vc=14.40=h2eaa2aa_1
  - vc14_runtime=14.40.33810=hcc2c482_22
  - vs2015_runtime=14.40.33810=h3bf8584_22
  - wheel=0.44.0=py38haa95532_0
  - win_inet_pton=1.1.0=pyh7428d3b_7
  - yaml=0.2.5=h8ffe710_2
  - zstandard=0.23.0=py38hf92978b_0
  - zstd=1.5.6=h0ea2cb4_0
  - pip:
      - aiohappyeyeballs==2.4.3
      - aiohttp==3.10.10
      - aiosignal==1.3.1
      - async-timeout==4.0.3
      - attrs==24.2.0
      - click==8.1.7
      - datasets==2.16.1
      - dill==0.3.7
      - docker-pycreds==0.4.0
      - frozenlist==1.4.1
      - fsspec==2023.10.0
      - gitdb==4.0.11
      - gitpython==3.1.43
      - huggingface-hub==0.25.2
      - multidict==6.1.0
      - multiprocess==0.70.15
      - pandas==2.0.3
      - platformdirs==4.3.6
      - propcache==0.2.0
      - protobuf==5.28.2
      - psutil==6.0.0
      - pyarrow==17.0.0
      - pyarrow-hotfix==0.6
      - python-dateutil==2.9.0.post0
      - pytz==2024.2
      - regex==2024.9.11
      - sentry-sdk==2.16.0
      - setproctitle==1.3.3
      - six==1.16.0
      - smmap==5.0.1
      - tokenizers==0.13.3
      - transformers==4.25.1
      - tzdata==2024.2
      - wandb==0.18.3
      - xxhash==3.5.0
      - yarl==1.15.2
prefix: A:\Code\envs\sgdnlp
